"mydata" <-
list(c(0.119794914731756, 0.857253889320418, 0.369890257483348, 
0.680096024880186, 0.789761525113136, 0.277113827876747, 0.0503675921354443, 
0.206173284444958, 0.87144328886643, 0.563065303023905, 0.904150268994272, 
0.434712489601225, 0.999014839762822, 0.256072441581637, 0.871166667435318, 
0.860612956807017, 0.462483521085232, 0.88474071607925, 0.835491685429588, 
0.686672173207626, 0.406652247766033, 0.287047604797408, 0.747115372214466, 
0.396018907660618, 0.66806016722694, 0.474742047488689, 0.0253469818271697, 
0.490099211689085, 0.307214731350541, 0.746175745502114, 0.556221748702228, 
0.220223643584177, 0.656478245742619, 0.982866590376943, 0.967491292627528, 
0.0307761512231082, 0.64268114278093, 0.638482174137607, 0.831324317958206, 
0.0940190942492336, 0.286618737503886, 0.82768107810989, 0.800631502876058, 
0.902381133753806, 0.382582804420963, 0.97261118539609, 0.459695899859071, 
0.324075701646507, 0.0141350652556866, 0.699159685289487), c(0.0200018952600658, 
0.944692593766376, 0.832343281013891, 0.252154187066481, 0.593058536527678, 
0.827735303435475, 0.659546998795122, 0.84629895328544, 0.18227714067325, 
0.825206432957202, 0.397117938147858, 0.438675243407488, 0.189316009636968, 
0.640130185056478, 0.942765050567687, 0.68793810904026, 0.122227404033765, 
0.385647341609001, 0.682604551548138, 0.57974631851539, 0.624200179707259, 
0.00389031250961125, 0.471320241689682, 0.302176769590005, 0.329278286546469, 
0.244795334525406, 0.142310507362708, 0.226665522670373, 0.0311356082092971, 
0.950243132887408, 0.642599593149498, 0.0335594376083463, 0.202549455687404, 
0.636216749669984, 0.342258425895125, 0.38323122356087, 0.72280459641479, 
0.893706585280597, 0.372227120678872, 0.154726714128628, 0.45657814736478, 
0.768554544309154, 0.250837791711092, 0.754857619060203, 0.876110968878493, 
0.199157324386761, 0.871670867083594, 0.705672675743699, 0.327156592160463, 
0.334664646303281), c(0.208223666064441, 0.67321746959351, 0.0992421857081354, 
0.996256966609508, 0.810826136730611, 0.506521195871755, 0.302425543544814, 
0.55135020124726, 0.242065916070715, 0.857416765531525, 0.664088944438845, 
0.332070384640247, 0.257295412011445, 0.943657651077956, 0.38584701763466, 
0.700017167720944, 0.909542438108474, 0.337313696043566, 0.934422133024782, 
0.443860753672197, 0.577227812958881, 0.756297579267994, 0.961472984869033, 
0.741346535040066, 0.97642683936283, 0.298802711768076, 0.763186203083023, 
0.958313371287659, 0.78816725872457, 0.44446732616052, 0.470529734855518, 
0.643947704229504, 0.95537788188085, 0.535288854734972, 0.256893434328958, 
0.138799684587866, 0.78731863712892, 0.199014974990860, 0.545466558076441, 
0.211361305555329, 0.228040600195527, 0.718781663803384, 0.868144148029387, 
0.955950957490131, 0.332271561725065, 0.560911239124835, 0.513452771119773, 
0.481488046236336, 0.079276307253167, 0.118975743884221), c(0.487984445644543, 
0.0431790347211063, 0.366324866190553, 0.946649142773822, 0.666556794894859, 
0.410500722937286, 0.675734836375341, 0.281698339385912, 0.160514988703653, 
0.117171762743965, 0.174937865464017, 0.299998985137790, 0.141045263968408, 
0.200720221968368, 0.725670396815985, 0.74744950258173, 0.121673327870667, 
0.98031061515212, 0.229997992515564, 0.917650427669287, 0.822394132381305, 
0.541027827886865, 0.361973012099043, 0.816654274007306, 0.665306815411896, 
0.886591270100325, 0.918104228796437, 0.653020079480484, 0.150800914503634, 
0.395289352629334, 0.132040479453281, 0.462928405962884, 0.0988402666989714, 
0.296079193940386, 0.184754415415227, 0.209979987004772, 0.721121255774051, 
0.937062224838883, 0.924513605656102, 0.18076767353341, 0.21989235188812, 
0.079757462022826, 0.929146113106981, 0.83171318238601, 0.340401363326237, 
0.81542008696124, 0.00369055150076747, 0.335822694003582, 0.2687901139725, 
0.877340064151213), c(0.597315534250811, 0.709173161769286, 0.0168284184765071, 
0.491529796505347, 0.64771069935523, 0.0249407740775496, 0.759258362930268, 
0.161330155562609, 0.418402016395703, 0.939636404626071, 0.112817455781624, 
0.608154512010515, 0.725106003927067, 0.926410381449386, 0.488371665822342, 
0.552689930424094, 0.885399094549939, 0.954923239303753, 0.837811820209026, 
0.430800163885579, 0.99698550766334, 0.0982884136028588, 0.320018514757976, 
0.225500912405550, 0.81662199087441, 0.0843558844644576, 0.179996272083372, 
0.96309150569141, 0.590157853905112, 0.79715242027305, 0.456061802105978, 
0.100839648628607, 0.525610594311729, 0.927459890022874, 0.639659909065813, 
0.155258785001934, 0.798538859235123, 0.249410731252283, 0.412903421325609, 
0.706398508744314, 0.354139858391136, 0.371218235231936, 0.628493824740872, 
0.969797472469509, 0.682274908060208, 0.602220568107441, 0.96652192552574, 
0.520885607227683, 0.709284378448501, 0.297471011988819), c(0.0163356994744390, 
0.229747674195096, 0.597004992887378, 0.087370021501556, 0.0681581725366414, 
0.683203622931615, 0.998080786084756, 0.612918709171936, 0.549901088234037, 
0.186814633896574, 0.230357602704316, 0.261631475063041, 0.05108652706258, 
0.00755958491936326, 0.57022467139177, 0.695530466269702, 0.905772096011788, 
0.827841946156695, 0.647825102554634, 0.387598622357473, 0.169046927243471, 
0.0724416906014085, 0.521356709301472, 0.632536974735558, 0.874615877401084, 
0.792122014798224, 0.759361654054374, 0.206636664923280, 0.436659390572459, 
0.84583118581213, 0.891092446399853, 0.449561673682183, 0.4736671554856, 
0.0216676921118051, 0.306890706764534, 0.810365992365405, 0.920959906419739, 
0.810035773552954, 0.829262329963967, 0.405364236328751, 0.472164267441258, 
0.174829033203423, 0.0841806083917618, 0.448331576306373, 0.599957082187757, 
0.533451863797382, 0.285138481063768, 0.567107956157997, 0.956925156991929, 
0.297149995574728))
